-0.084487075
0.027480063
0.118311253
0.160510863
0.117354828
-0.005918179
-0.185385234
-0.365153076
-0.492592537
-0.523859189
-0.451781067
-0.297905493
-0.11264541
0.052971867
0.160051839
0.203108299
0.204625742
0.209345328
0.258616939
0.375827324
0.550344248
0.743919139
0.900906995
0.972771782
0.93294828
0.788698361
0.573459728
0.334335494
0.110262617
-0.079961051
-0.24333343
-0.401388354
-0.574905276
-0.764765368
-0.94491016
-1.065552784
-1.072299254
-0.928596678
-0.637195314
-0.24634635
0.158913606
0.482534777
0.647648372
0.623527716
0.435653397
0.157639936
-0.115295989
-0.299060778
-0.350089488
-0.278162068
-0.140341643
-0.016320199
0.023098109
-0.055410117
-0.234957788
-0.453811038
-0.628886004
-0.68567423
-0.58609614
-0.341067553
-0.007117316
0.334758708
0.605112617
0.752134246
0.762822159
0.663128413
0.500656894
0.327386635
0.178477191
0.068625618
-0.010397036
-0.071530461
-0.128308478
-0.174821923
-0.20288002
-0.1850062
