0.855635099	0.558540913	1.012277892	0.24675363	0.731267523	0.317549635	0.441968176	0.779261846	1.089771817	0.922643769	0.773967145	0.485296312	0.36849144	-0.017464448	0.018960283	-0.084487075
0.896311689	0.723872799	1.109957565	0.315880991	0.848832414	0.518449757	0.479805894	0.664114159	1.039886221	0.91478077	0.709910067	0.435050491	0.356946778	-0.232094881	-0.056678407	0.027480063
0.850290597	0.748021032	1.091681861	0.188687296	0.87460392	0.606069423	0.505547652	0.530158211	0.903150612	0.83137824	0.6021024	0.327466435	0.238248041	-0.42419847	-0.096119637	0.118311253
0.769716187	0.690787724	0.992403628	-0.078848114	0.80922259	0.56869861	0.486130465	0.409153714	0.691808872	0.704467396	0.494868409	0.215094792	0.092068644	-0.550863497	-0.127201201	0.160510863
0.675501763	0.553171294	0.821241704	-0.443085812	0.643167589	0.378875408	0.397645898	0.336486745	0.442200377	0.567070414	0.427500136	0.146553009	-0.014527823	-0.544637187	-0.155921604	0.117354828
0.601741218	0.387339155	0.630500958	-0.789641468	0.423509326	0.098781287	0.241967775	0.316602139	0.214753138	0.466590094	0.422861072	0.157742781	-0.014101145	-0.403475756	-0.204057188	-0.005918179
0.547063609	0.202615728	0.445981275	-1.0311783	0.194475989	-0.202810709	0.043917682	0.337677447	0.067204724	0.42872403	0.475680851	0.247231509	0.10067148	-0.148316624	-0.269748735	-0.185385234
0.506995167	0.02985663	0.300466791	-1.083254675	0.017681226	-0.421845021	-0.152081198	0.365237232	0.037272935	0.460843337	0.556413956	0.382470341	0.296820083	0.144930929	-0.349449242	-0.365153076
0.456695584	-0.130523627	0.193754408	-0.930926296	-0.075837156	-0.496054198	-0.299315502	0.367629316	0.122688807	0.537565791	0.622001594	0.508201468	0.496660131	0.398390015	-0.419648005	-0.492592537
0.38364947	-0.259128079	0.124916539	-0.599412304	-0.07090365	-0.391926136	-0.361500781	0.321296334	0.281963943	0.618950409	0.633993284	0.573782051	0.626999737	0.531113192	-0.46059128	-0.523859189
0.27852806	-0.354474765	0.073394043	-0.175492453	0.008085264	-0.146820396	-0.326753771	0.22885709	0.44437189	0.657118744	0.573054621	0.551260221	0.637239558	0.506386595	-0.449665435	-0.451781067
0.15441401	-0.39947658	0.029502336	0.245042768	0.124956406	0.170237899	-0.208739962	0.111925816	0.536539417	0.620612394	0.446892603	0.45033376	0.53252957	0.32367905	-0.380921057	-0.297905493
0.028943653	-0.394971414	-0.019712312	0.56429962	0.2290771	0.45912491	-0.04295363	0.008425675	0.507339624	0.499749706	0.286311608	0.311790578	0.360901598	0.035519594	-0.256179107	-0.11264541
-0.071793066	-0.336344402	-0.071125866	0.731269288	0.286139549	0.643669725	0.12733358	-0.048493401	0.349502736	0.315420115	0.133011354	0.19235287	0.201043334	-0.284231922	-0.09312387	0.052971867
-0.134147489	-0.239514087	-0.123943047	0.736482174	0.275097648	0.677621253	0.263559821	-0.039849593	0.102784013	0.106657542	0.022705324	0.138052041	0.119303319	-0.548513608	0.08939438	0.160051839
-0.15301292	-0.117201582	-0.169772609	0.626610086	0.203742014	0.574777375	0.34409166	0.025902058	-0.157071089	-0.078770028	-0.028309277	0.165423903	0.147094084	-0.694157209	0.269301538	0.203108299
-0.141706891	0.005630851	-0.209827704	0.469865301	0.092272098	0.384931395	0.366749355	0.118868055	-0.345493097	-0.204638188	-0.028884326	0.251329969	0.25888376	-0.68613535	0.433327487	0.204625742
-0.118461106	0.115547002	-0.24440489	0.34392689	-0.026463176	0.187322892	0.346334165	0.194537692	-0.398076405	-0.254175415	-0.008062751	0.342540745	0.387318042	-0.534395696	0.571176988	0.209345328
-0.106171788	0.19747652	-0.282323519	0.297212483	-0.127728698	0.048240758	0.304525683	0.213613507	-0.295472997	-0.237594802	-0.002553203	0.375546041	0.445043408	-0.277280999	0.679936605	0.258616939
-0.11782728	0.250328148	-0.327121514	0.346226866	-0.194028285	0.010662839	0.260801104	0.153439131	-0.071237841	-0.183857781	-0.041263987	0.304109938	0.366911789	0.023332916	0.754920669	0.375827324
-0.159446841	0.269434509	-0.382762428	0.463824131	-0.225672024	0.07155244	0.224404116	0.019195492	0.196673394	-0.132516692	-0.133907937	0.118367727	0.134514283	0.308369512	0.792774279	0.550344248
-0.225097194	0.25520032	-0.443261513	0.603109604	-0.2301741	0.198109969	0.193723535	-0.160951198	0.411279814	-0.117772608	-0.267610719	-0.147901976	-0.208205924	0.528251868	0.786766447	0.743919139
-0.307289205	0.198015775	-0.501903747	0.708562599	-0.222939735	0.334571715	0.159474506	-0.343848642	0.487059139	-0.160858384	-0.413119881	-0.429273539	-0.572638398	0.659138761	0.734462449	0.900906995
-0.397077603	0.091048734	-0.547295595	0.745228647	-0.214402181	0.433240212	0.112487867	-0.489080395	0.37806057	-0.263259983	-0.537155115	-0.651471777	-0.853427954	0.696990972	0.637585063	0.972771782
-0.491975768	-0.074319969	-0.574416433	0.701989443	-0.212309105	0.462277703	0.04945762	-0.570184156	0.091747068	-0.411113488	-0.615952265	-0.759684001	-0.970948432	0.659133252	0.508855132	0.93294828
-0.590299158	-0.290138663	-0.580801294	0.599071118	-0.216122522	0.420034663	-0.023717419	-0.583724518	-0.313121183	-0.579694597	-0.643767617	-0.737816572	-0.897513431	0.569857737	0.367506918	0.788698361
-0.69093684	-0.534339552	-0.572431372	0.469355996	-0.225251568	0.321510191	-0.094817905	-0.545265443	-0.745448142	-0.743250305	-0.633369679	-0.61435557	-0.670380393	0.457681306	0.237787969	0.573459728
-0.784017213	-0.761381037	-0.555207551	0.34845716	-0.238065402	0.192161783	-0.150902784	-0.481915016	-1.10856064	-0.879138572	-0.608152408	-0.449665719	-0.374385057	0.343827395	0.137845913	0.334335494
-0.852049854	-0.91803714	-0.53604241	0.253275713	-0.25885933	0.047253463	-0.185784443	-0.418351549	-1.327733419	-0.972148661	-0.590130251	-0.312802373	-0.112874556	0.244157853	0.075186629	0.110262617
-0.869019139	-0.951029543	-0.514615829	0.181102173	-0.293100864	-0.109388335	-0.203915299	-0.368720227	-1.368027101	-1.012387541	-0.588872366	-0.254460622	0.03242406	0.164627636	0.040041714	-0.079961051
-0.811865802	-0.832255235	-0.487417133	0.107708959	-0.348101252	-0.288980132	-0.220137764	-0.331961603	-1.23960056	-0.99515205	-0.597053547	-0.28931854	0.027027015	0.10769368	0.010519022	-0.24333343
-0.668475667	-0.566541415	-0.446096929	0.005362202	-0.424820215	-0.501612227	-0.253501042	-0.297518509	-0.988759793	-0.918751539	-0.594285265	-0.392033214	-0.104764786	0.071400116	-0.041202789	-0.401388354
-0.450275253	-0.202372355	-0.38648712	-0.14613817	-0.518005142	-0.747883758	-0.318846604	-0.253475894	-0.680940356	-0.787308732	-0.558351268	-0.510371651	-0.294802111	0.056050609	-0.134309632	-0.574905276
-0.192855237	0.182733304	-0.309609451	-0.34211066	-0.61264404	-1.00488148	-0.418470454	-0.197490033	-0.380650255	-0.61249812	-0.478301216	-0.58740716	-0.456903013	0.062833088	-0.270546417	-0.764765368
0.046925082	0.497052701	-0.227550321	-0.553893895	-0.690350101	-1.231140405	-0.538625589	-0.140936096	-0.13636192	-0.417395002	-0.364084186	-0.585747872	-0.520958732	0.097601449	-0.427059665	-0.94491016
0.207569619	0.666002456	-0.158055258	-0.731956125	-0.732338193	-1.373656857	-0.651724003	-0.107623922	0.027376666	-0.234847375	-0.247109547	-0.501790893	-0.454461606	0.166531997	-0.562236107	-1.065552784
0.239171544	0.650248933	-0.121763442	-0.825923407	-0.728157323	-1.389988987	-0.724609146	-0.123591165	0.108692637	-0.103398514	-0.171319001	-0.366642227	-0.271689862	0.275526969	-0.626285064	-1.072299254
0.122764097	0.462517627	-0.131110322	-0.799499272	-0.67684135	-1.262319011	-0.729216041	-0.205171856	0.122064092	-0.056512303	-0.176654363	-0.231648008	-0.021785782	0.422780153	-0.580277961	-0.928596678
-0.122715291	0.159597868	-0.186443191	-0.648729927	-0.589039212	-1.010702058	-0.652268288	-0.347571828	0.089378229	-0.112125035	-0.282066875	-0.147003064	0.230686626	0.596203116	-0.410474515	-0.637195314
-0.440726818	-0.171388462	-0.270640402	-0.403209319	-0.480617977	-0.6868311	-0.499890473	-0.521796549	0.033297513	-0.262518615	-0.473873603	-0.140328087	0.430264036	0.768163029	-0.138550489	-0.24634635
-0.753241047	-0.443641993	-0.355090073	-0.122357007	-0.368588156	-0.361872304	-0.29593065	-0.679731108	-0.026883804	-0.47278777	-0.705762071	-0.206143293	0.543909541	0.898645978	0.182565315	0.158913606
-0.980123577	-0.592514049	-0.405658829	0.124739669	-0.263505839	-0.101413487	-0.074547463	-0.768357189	-0.075853915	-0.686220041	-0.910144339	-0.30815516	0.565439778	0.939919169	0.481021019	0.482534777
-1.06315498	-0.595810321	-0.396288896	0.276969223	-0.168999862	0.052319246	0.129724157	-0.746518408	-0.102628911	-0.839694904	-1.018803365	-0.395278841	0.505613284	0.850049209	0.688272926	0.647648372
-0.979646919	-0.471981096	-0.316282849	0.302195421	-0.081720058	0.094245715	0.290721337	-0.599824003	-0.100872681	-0.88123277	-0.984387125	-0.42221361	0.380902889	0.605528154	0.758578835	0.623527716
-0.748794213	-0.271691236	-0.177404635	0.203012091	0.001704975	0.051444953	0.395169719	-0.346865162	-0.071340317	-0.787517563	-0.796787815	-0.368309184	0.201996189	0.21531226	0.68405572	0.435653397
-0.422118467	-0.053543011	-0.009318606	0.017021909	0.080430009	-0.029047694	0.441804234	-0.035505657	-0.023808638	-0.571707286	-0.486959594	-0.244639827	-0.025884813	-0.274929767	0.495039046	0.157639936
-0.069077304	0.133060916	0.146691558	-0.19940664	0.144028245	-0.103173893	0.436564874	0.270436521	0.021923376	-0.2818796	-0.118716146	-0.089264713	-0.297286202	-0.786182177	0.25035812	-0.115295989
0.244037473	0.264491777	0.252172086	-0.386701976	0.175106763	-0.145375179	0.386451099	0.508750042	0.039628243	0.013438888	0.23046344	0.049533694	-0.593426997	-1.223265873	0.016129661	-0.299060778
0.46760373	0.340193075	0.28064147	-0.502991573	0.153554916	-0.158653141	0.295614522	0.635173852	0.00343271	0.24447293	0.490764545	0.131881598	-0.876364957	-1.497463968	-0.1547451	-0.350089488
0.578302362	0.376261024	0.226911385	-0.531892972	0.067107673	-0.16701008	0.165134228	0.632946452	-0.102013596	0.361515134	0.618642587	0.141837077	-1.0897483	-1.553010508	-0.2399992	-0.278162068
0.575606073	0.386128824	0.104851823	-0.48700711	-0.082030262	-0.201988611	-0.003034331	0.513294799	-0.273562547	0.347406126	0.604529585	0.090385781	-1.175540363	-1.384613809	-0.25158001	-0.140341643
0.476269232	0.371380926	-0.056320223	-0.400177479	-0.271600001	-0.281282588	-0.200826766	0.307852603	-0.485554445	0.221228767	0.47088804	0.008465724	-1.094622823	-1.043766601	-0.229418278	-0.016320199
0.302439775	0.313642677	-0.224695159	-0.31101583	-0.464007609	-0.397347802	-0.409927558	0.056694591	-0.694665219	0.02827014	0.259899316	-0.069867329	-0.850284934	-0.626197276	-0.222981167	0.023098109
0.077394779	0.186490115	-0.372815006	-0.248446358	-0.614061279	-0.512944239	-0.602374165	-0.202820282	-0.8508699	-0.175199936	0.019473475	-0.122512192	-0.495601221	-0.247197903	-0.272835569	-0.055410117
-0.178581885	-0.032579991	-0.486740407	-0.224664144	-0.684191178	-0.575063753	-0.745788917	-0.44289003	-0.913819733	-0.34122151	-0.21030444	-0.149704981	-0.127051342	-0.007442485	-0.393457535	-0.234957788
-0.442116358	-0.338952892	-0.563322909	-0.228207143	-0.654658044	-0.532662798	-0.812887189	-0.645814743	-0.866217443	-0.441607786	-0.402331862	-0.17061852	0.14524735	0.035837134	-0.569170931	-0.453811038
-0.685062676	-0.694567481	-0.608699954	-0.233835625	-0.532395118	-0.361070407	-0.790618565	-0.800302614	-0.721778118	-0.473395796	-0.542828102	-0.212373827	0.232073208	-0.112475057	-0.758066428	-0.628886004
-0.869214895	-1.024036572	-0.627136751	-0.20793333	-0.346784086	-0.072267584	-0.686316233	-0.896177082	-0.521050889	-0.451555655	-0.624631522	-0.29147604	0.102437355	-0.388153329	-0.908700574	-0.68567423
-0.953854709	-1.237573798	-0.618598458	-0.125990933	-0.142406893	0.28197366	-0.526571325	-0.92188069	-0.31932251	-0.399247324	-0.642723525	-0.401924932	-0.202386775	-0.686179304	-0.975902993	-0.58609614
-0.901975019	-1.251577253	-0.572258235	0.024066727	0.03838373	0.628649504	-0.34999416	-0.866015535	-0.166906319	-0.333548094	-0.590298869	-0.510093804	-0.573078731	-0.895195179	-0.93779109	-0.341067553
-0.698066454	-1.025083672	-0.47486828	0.230788834	0.166058815	0.892864742	-0.194581694	-0.723284108	-0.093023312	-0.26024223	-0.462980719	-0.566287435	-0.868948921	-0.930443062	-0.799416239	-0.007117316
-0.354664177	-0.57149308	-0.313341572	0.468124333	0.235551668	1.026365398	-0.085832682	-0.501150443	-0.094883197	-0.171405146	-0.263270297	-0.521800403	-0.960572078	-0.761808742	-0.591944947	0.334758708
0.078485683	0.029092634	-0.089846525	0.693263232	0.261478575	1.016793753	-0.028378669	-0.224076597	-0.141096663	-0.055283279	-0.008707398	-0.352735235	-0.780092628	-0.419745398	-0.357732345	0.605112617
0.527492717	0.656840175	0.17897133	0.864891093	0.273823637	0.894270303	-0.006244953	0.068440552	-0.182719388	0.096568319	0.268275054	-0.07167319	-0.342464166	0.013120242	-0.139315253	0.752134246
0.904877354	1.172218616	0.454687766	0.941969939	0.299243234	0.710644787	0.01016832	0.330226006	-0.173738774	0.277430089	0.522764072	0.268631443	0.250389251	0.43245196	0.036908337	0.762822159
1.140096749	1.467009353	0.693542259	0.903839511	0.354705786	0.525967224	0.050948824	0.521180272	-0.086304935	0.467290797	0.711114901	0.593040005	0.84792539	0.741559808	0.161359788	0.663128413
1.191919241	1.480222583	0.849479699	0.742160267	0.434167578	0.378128487	0.134613853	0.619911488	0.077525235	0.633835694	0.801868909	0.824953879	1.292673312	0.884730388	0.244293074	0.500656894
1.070455733	1.231145137	0.899853671	0.479349087	0.519054036	0.282335117	0.259574883	0.630789661	0.290480893	0.748818652	0.790226944	0.916476548	1.480225374	0.855974825	0.301054027	0.327386635
0.823859915	0.792919554	0.841858947	0.149090821	0.578607246	0.219702608	0.404919336	0.583072034	0.509158227	0.794115207	0.697900811	0.86045964	1.382105183	0.702057028	0.349267371	0.178477191
0.536669703	0.292858918	0.710294317	-0.187173575	0.594678682	0.166506407	0.53770659	0.520165936	0.694668022	0.776471352	0.571040958	0.697538407	1.062963509	0.494323344	0.392486508	0.068625618
0.289505199	-0.151623325	0.550768491	-0.47546768	0.559014975	0.093925797	0.626561553	0.485158581	0.823176813	0.718732406	0.460718658	0.494484704	0.640432485	0.310798919	0.428658349	-0.010397036
0.153643831	-0.431465646	0.427858411	-0.650728807	0.494049118	0.006550817	0.653372918	0.504027136	0.897313189	0.661088025	0.410802439	0.326511079	0.257729977	0.197156976	0.441224421	-0.071530461
0.149198148	-0.513553494	0.378567574	-0.689498509	0.426376335	-0.08274679	0.621245905	0.578608208	0.93564011	0.634564679	0.436645682	0.241411318	0.013650154	0.168185411	0.422584206	-0.128308478
0.271153305	-0.390062594	0.435256561	-0.571757107	0.401583659	-0.123239361	0.552533371	0.68362142	0.967432443	0.663095199	0.528036684	0.254744312	-0.042584735	0.186910047	0.361059912	-0.174821923
0.457138584	-0.144678702	0.569397525	-0.352807331	0.431405203	-0.097459371	0.480398792	0.781918683	1.007155321	0.734675231	0.644285644	0.333248495	0.044866043	0.211122541	0.272602412	-0.20288002
0.666569463	0.183600716	0.770121135	-0.060815361	0.53865582	0.038432896	0.435094752	0.83071326	1.057936079	0.833551638	0.743694334	0.431522507	0.213075182	0.170055021	0.158120125	-0.1850062
0.503235017	0.62831082	0.589086282	-0.167383805	0.349929337	-0.141877247	0.656005933	0.492316748	0.787169467	0.262582834	0.132910886	0.021965244	0.449898401	1.312326456	0.980230368	0.391260691
0.306619857	0.453961021	0.613214006	-0.510389355	0.351047234	-0.378261708	0.878780722	0.472639197	0.480294581	-0.001149042	-0.067345766	-0.146069233	0.256505028	1.143046107	1.311032641	0.392218352
0.06835973	0.239148585	0.541564277	-0.752060495	0.310606406	-0.528518937	1.006025101	0.382454674	0.2894968	-0.21666153	-0.269299908	-0.294858134	0.093753837	0.917395932	1.506248843	0.395335468
-0.180015681	0.018647444	0.411539946	-0.854616866	0.261919847	-0.568010589	1.065264577	0.246766303	0.17771257	-0.384097543	-0.453458539	-0.421286662	-0.063658324	0.630319019	1.587220399	0.408877353
-0.382000979	-0.15984929	0.246159354	-0.737745219	0.225805248	-0.44558017	1.03316642	0.092088098	0.168285258	-0.45274533	-0.563824427	-0.480044097	-0.182259437	0.317136665	1.509703376	0.432957879
-0.511207403	-0.278923297	0.094307583	-0.433290932	0.224602522	-0.194965792	0.947670841	-0.039879317	0.20302784	-0.43349432	-0.583386352	-0.459961124	-0.260010194	0.009776084	1.32747885	0.462873335
-0.545349308	-0.32787876	-0.015255806	0.015685329	0.259123227	0.14097553	0.818034782	-0.118728559	0.265875284	-0.323187405	-0.496339746	-0.346396795	-0.270621046	-0.239635378	1.065472667	0.488737813
-0.493545986	-0.319327114	-0.056196911	0.495736913	0.320251578	0.471209335	0.681133793	-0.12395804	0.312475475	-0.161393875	-0.327470368	-0.164457256	-0.220811878	-0.395491513	0.795184073	0.500802694
-0.37129723	-0.265164398	-0.031103093	0.915636812	0.383522546	0.727664285	0.543285605	-0.060039613	0.345884594	0.025211114	-0.108245831	0.05281207	-0.116419966	-0.431645402	0.544777457	0.491700055
-0.211859701	-0.184374139	0.047680673	1.181779989	0.42632386	0.850363742	0.422576468	0.052275629	0.356214454	0.18964189	0.107965266	0.248169057	0.004289047	-0.357553877	0.351601709	0.460251836
-0.042731799	-0.086927965	0.148321005	1.264958014	0.42995803	0.836221036	0.312613372	0.176510921	0.361759171	0.30850367	0.281011942	0.377500576	0.10712823	-0.204597595	0.205995302	0.411077292
0.106734002	0.01466839	0.242000294	1.165223641	0.392514137	0.710807289	0.219848452	0.277288619	0.354955916	0.356826131	0.376936178	0.406098208	0.149502246	-0.030906441	0.104157321	0.354000374
0.221228129	0.112078809	0.299792419	0.938718397	0.324591021	0.541828619	0.13793856	0.326237757	0.33547472	0.338792406	0.392220728	0.336425801	0.11633405	0.105691658	0.016283645	0.300193641
0.288939	0.189086961	0.309677467	0.646027981	0.249870902	0.394000317	0.075802648	0.313731828	0.277931504	0.26213167	0.338503331	0.193790651	0.008808541	0.155392216	-0.06603488	0.259292146
0.310094281	0.229137162	0.268914213	0.359660578	0.192186415	0.326993928	0.0325643	0.246022593	0.173085935	0.156492773	0.249390012	0.031045138	-0.137373017	0.100426629	-0.157661065	0.23582857
0.285707727	0.211680734	0.190441003	0.121097553	0.170158856	0.359686151	0.015470856	0.144158884	0.012584226	0.046998521	0.156774815	-0.100515898	-0.277568846	-0.047272284	-0.249290285	0.228444521
0.224443029	0.125897939	0.089692971	-0.042040776	0.186720907	0.482555623	0.016360625	0.032295416	-0.175745868	-0.033881524	0.090999932	-0.157532242	-0.358942748	-0.242955811	-0.340146152	0.229948332
0.134753198	-0.02756598	-0.014087766	-0.13507155	0.230792303	0.649234285	0.027614324	-0.067759878	-0.351238903	-0.068863874	0.06311816	-0.127813416	-0.350716325	-0.43017739	-0.419150084	0.230050073
0.032561865	-0.22594095	-0.108902253	-0.166709101	0.278352862	0.807553183	0.027265931	-0.144639129	-0.449937076	-0.043714045	0.073456325	-0.023574344	-0.24301699	-0.552937342	-0.493058593	0.218092361
-0.064750999	-0.430257186	-0.185470518	-0.157364191	0.303720537	0.905087895	-0.000676355	-0.19533097	-0.424342232	0.037574513	0.107774377	0.117419739	-0.060375173	-0.578691219	-0.565177012	0.186536465
-0.133397312	-0.588182307	-0.241672027	-0.115300327	0.286611424	0.916438913	-0.073079843	-0.223662315	-0.246474535	0.167413416	0.153791915	0.255200758	0.157142577	-0.502380378	-0.650709386	0.132660863
-0.152003642	-0.651392019	-0.274605229	-0.051742676	0.221839122	0.837750979	-0.188391389	-0.232354097	0.060588466	0.325173634	0.201403674	0.356266426	0.359150795	-0.350785086	-0.751192154	0.05941451
-0.101834733	-0.58599576	-0.283011525	0.029840177	0.119267476	0.693428317	-0.335874563	-0.220561912	0.437601212	0.491732971	0.253278207	0.411507003	0.510253045	-0.167311295	-0.86537841	-0.026050214
0.022389991	-0.387652103	-0.262226255	0.11458402	0.002132038	0.514911139	-0.486934984	-0.181329333	0.789118077	0.641761973	0.316113271	0.430795261	0.592530676	-0.000490362	-0.97166377	-0.114439019
0.212212254	-0.082151512	-0.210204	0.185963543	-0.103250898	0.336099442	-0.61289976	-0.107089738	1.023223811	0.755687964	0.399609074	0.440325119	0.615340416	0.115665118	-1.047135986	-0.197433318
0.440127	0.276251423	-0.127084557	0.216036701	-0.175545061	0.173986473	-0.685436757	0.005376181	1.067772136	0.812306145	0.502302706	0.462276509	0.600455253	0.167511932	-1.063168761	-0.269819963
0.666920092	0.620638703	-0.022200228	0.183524402	-0.207829754	0.032478103	-0.694776923	0.147192323	0.903795697	0.79906723	0.611072431	0.506197841	0.575769714	0.166224576	-1.009013805	-0.330958925
0.846225562	0.885466514	0.088067904	0.072993167	-0.208719931	-0.10159269	-0.646226444	0.296370259	0.561001804	0.706430326	0.696768549	0.557363583	0.555922571	0.137027418	-0.887666164	-0.384154272
0.938632292	1.024938717	0.179191734	-0.107845545	-0.200490774	-0.242649646	-0.566560061	0.419854384	0.117233077	0.537959494	0.726404729	0.585438229	0.541348985	0.110023014	-0.728102137	-0.434993628
0.91923889	1.02067399	0.226956686	-0.334683255	-0.209378262	-0.402457142	-0.489033581	0.483686755	-0.335277493	0.305895064	0.671548859	0.553920671	0.514753681	0.105240918	-0.568096881	-0.488327815
0.787611947	0.885656615	0.211941995	-0.562998213	-0.256678926	-0.576612544	-0.44885851	0.463384554	-0.70945052	0.038623135	0.525182543	0.442208439	0.456585976	0.12791404	-0.451274706	-0.545748061
0.5664592	0.655820621	0.128916543	-0.746490296	-0.349004511	-0.74851297	-0.465496743	0.355006872	-0.954565002	-0.227058689	0.305819606	0.256398575	0.353759903	0.165515931	-0.403889739	-0.603775035
0.298765722	0.380260005	-0.012063091	-0.843046944	-0.47582836	-0.888934797	-0.541471523	0.178198803	-1.057846311	-0.445583151	0.059578536	0.036987851	0.214968587	0.195948085	-0.433162796	-0.65437368
0.035007536	0.106727992	-0.184360525	-0.83276801	-0.610898472	-0.970386212	-0.656076882	-0.026722069	-1.045985445	-0.576465057	-0.154340307	-0.153809735	0.068592034	0.194635041	-0.517039633	-0.687203919
-0.177673655	-0.126682286	-0.352904501	-0.71722201	-0.721281159	-0.973134383	-0.776931336	-0.211090695	-0.960972307	-0.58973441	-0.279018865	-0.2496878	-0.041405886	0.145330753	-0.618566529	-0.693790925
-0.308889463	-0.2976671	-0.481112279	-0.523559012	-0.77700262	-0.89740496	-0.86595599	-0.332134966	-0.84620405	-0.480009551	-0.281963901	-0.208153236	-0.075499805	0.04349525	-0.692473874	-0.67158723
-0.350157145	-0.397798518	-0.54254272	-0.290830715	-0.761892559	-0.761807579	-0.896123828	-0.367724511	-0.725501848	-0.2676262	-0.166004656	-0.027662538	-0.012945827	-0.101489449	-0.707298627	-0.627022084
-0.31690666	-0.429702844	-0.526124392	-0.063650812	-0.678367551	-0.603096966	-0.856109647	-0.323008058	-0.605231571	-0.001581305	0.026074833	0.243305781	0.132521869	-0.271309411	-0.650772447	-0.57540606
-0.241082169	-0.401326781	-0.440724969	0.123545251	-0.548208427	-0.463462204	-0.757788163	-0.229641079	-0.476632896	0.252929509	0.224496726	0.519224726	0.315117849	-0.442254181	-0.539299015	-0.537771407
-0.162134209	-0.323839941	-0.310757049	0.249091587	-0.405699606	-0.382180852	-0.62886683	-0.134528116	-0.33515767	0.425899415	0.351283556	0.700429994	0.466101119	-0.590971262	-0.406698875	-0.534505051
-0.114251071	-0.210174222	-0.171054011	0.310109791	-0.28875947	-0.381884365	-0.507983294	-0.08496688	-0.188278877	0.463729283	0.346748507	0.707049876	0.518284866	-0.695691768	-0.296886974	-0.57819331
-0.117949879	-0.076727441	-0.056026146	0.315506955	-0.227526538	-0.464819992	-0.430028779	-0.112254336	-0.064277765	0.341906576	0.187832624	0.504526311	0.426761352	-0.738346167	-0.244074728	-0.667422689
-0.174210219	0.056628105	0.007336249	0.283917937	-0.23706926	-0.609207052	-0.419654851	-0.22234525	-0.000426809	0.07700213	-0.101273848	0.119115479	0.188374731	-0.704237637	-0.266084927	-0.784591163
-0.266096257	0.16745888	0.007097027	0.234061037	-0.312948897	-0.77682103	-0.4818939	-0.393612625	-0.030981983	-0.277472485	-0.456250044	-0.36945308	-0.157212825	-0.585124971	-0.355416616	-0.89841632
-0.363824915	0.235394348	-0.053421675	0.183586993	-0.433871467	-0.919992991	-0.604572977	-0.585181052	-0.165129586	-0.640432182	-0.789594545	-0.849294567	-0.536302788	-0.38209037	-0.487527471	-0.971655297
-0.434474244	0.247544897	-0.156347002	0.143630151	-0.567099627	-0.995506554	-0.759228181	-0.749627592	-0.379962247	-0.926099278	-1.017571724	-1.211137293	-0.866005793	-0.110804852	-0.62635808	-0.971388319
-0.451036806	0.203783608	-0.276517307	0.121370667	-0.678151299	-0.973115254	-0.91136733	-0.848551269	-0.618758	-1.064491746	-1.083420478	-1.37875496	-1.077629184	0.196705991	-0.740125883	-0.879488989
-0.400649417	0.118099005	-0.386882125	0.117204909	-0.738691704	-0.845268822	-1.025467928	-0.862609854	-0.810937319	-1.023118299	-0.974493001	-1.331187954	-1.139099028	0.49309187	-0.806008044	-0.699148281
-0.288045767	0.015336719	-0.466861494	0.127529673	-0.734010987	-0.627496703	-1.074786198	-0.796194758	-0.893125464	-0.814216984	-0.723558938	-1.104034082	-1.060292136	0.723837747	-0.817373535	-0.455817546
-0.135149261	-0.076705708	-0.505106292	0.141551002	-0.66481912	-0.357441693	-1.042592266	-0.672480541	-0.837034892	-0.494130941	-0.398868014	-0.776104121	-0.888514956	0.838746229	-0.77682814	-0.191115297
0.024415197	-0.136943293	-0.502766482	0.144343409	-0.546843221	-0.084619696	-0.926655997	-0.524741113	-0.659125114	-0.14584373	-0.082305956	-0.441119985	-0.688040186	0.806186411	-0.693834666	0.047914426
0.153305629	-0.158673234	-0.469757919	0.116116332	-0.404767586	0.138946889	-0.73509659	-0.383845947	-0.421249674	0.141430354	0.152921415	-0.180338813	-0.52029913	0.62296538	-0.573916638	0.221881773
0.220012862	-0.152105381	-0.422366464	0.039767069	-0.266222586	0.273248205	-0.487001273	-0.270204394	-0.206892682	0.298653599	0.262408607	-0.039326306	-0.423210213	0.318197387	-0.419762105	0.30957796
0.206792896	-0.139885878	-0.375436674	-0.095325732	-0.153162731	0.298357958	-0.205543776	-0.188570415	-0.095987025	0.292448249	0.238616322	-0.021706873	-0.405662214	-0.053239736	-0.228160453	0.313642318
0.114694436	-0.147571227	-0.339306067	-0.283367911	-0.077300708	0.222376461	0.082220743	-0.131082528	-0.132284947	0.134835461	0.109745477	-0.094093007	-0.448473887	-0.42398691	-6.63554E-05	0.25863535
-0.036343581	-0.191952071	-0.313966705	-0.501421311	-0.035963666	0.078035795	0.352885375	-0.082020825	-0.311645167	-0.125214649	-0.073475626	-0.205135987	-0.519889376	-0.732540583	0.258395808	0.183259522
-0.211980187	-0.272898683	-0.291266806	-0.707456444	-0.014631418	-0.082382963	0.585923743	-0.026849821	-0.578557408	-0.414773968	-0.253370846	-0.303822216	-0.587864967	-0.938333784	0.526984869	0.128071623
-0.372163522	-0.37138438	-0.254933238	-0.852406565	0.009931815	-0.203039214	0.770614578	0.043270186	-0.850537461	-0.661433431	-0.383068029	-0.357589392	-0.635091321	-1.031111027	0.778809463	0.123756602
-0.481266508	-0.456020223	-0.189106999	-0.889630162	0.060662002	-0.236696568	0.902314012	0.127131985	-1.04116233	-0.809428798	-0.435931805	-0.356629031	-0.658841828	-1.028938023	0.980465456	0.182168165
-0.517649508	-0.494757945	-0.081459442	-0.794667237	0.154194592	-0.161614971	0.987057146	0.216569895	-1.09481735	-0.836188955	-0.410705666	-0.313140316	-0.669914444	-0.968860915	1.108547855	0.294123599
-0.47903928	-0.468382811	0.067509911	-0.571529258	0.292481078	0.01492768	1.03300148	0.298279203	-0.996319544	-0.750178683	-0.325552236	-0.248133477	-0.677710645	-0.890570805	1.150044358	0.432742277
-0.383100104	-0.37917764	0.245869685	-0.261389239	0.462436915	0.253481311	1.052949633	0.360731918	-0.779054638	-0.588166279	-0.211394616	-0.182761965	-0.684903509	-0.822777095	1.114814237	0.562697799
-0.26139798	-0.25197251	0.426940712	0.072000023	0.635462268	0.497554881	1.052618542	0.395145977	-0.499750618	-0.395304687	-0.098954634	-0.126205305	-0.676781718	-0.772802927	1.022765513	0.65045993
-0.150211937	-0.125785237	0.579793082	0.352360897	0.776954002	0.684519096	1.035874424	0.399709413	-0.22395393	-0.215776896	-0.012987592	-0.077734135	-0.630397009	-0.72762817	0.906647078	0.674456527
-0.078476357	-0.039603785	0.671644951	0.521593858	0.852695064	0.770326039	0.994620914	0.375808018	0.00943766	-0.073374568	0.036152277	-0.025985362	-0.517054599	-0.659646008	0.788461716	0.629977401
-0.059680779	-0.01727548	0.683260754	0.548982368	0.842347407	0.736075215	0.922192358	0.329974894	0.187621168	0.025053447	0.049269534	0.038208111	-0.322982493	-0.541133806	0.68562913	0.530250571
-0.086329987	-0.057371017	0.608355864	0.452296942	0.742485957	0.60204719	0.805878109	0.268358694	0.337575061	0.096542383	0.040242101	0.121357065	-0.049623141	-0.353788749	0.591234476	0.400939561
-0.134053204	-0.132792414	0.46495522	0.279508771	0.573339502	0.411580055	0.647616277	0.200753727	0.492251824	0.161528107	0.025465746	0.21668778	0.272526692	-0.099306035	0.498300736	0.273271717
-0.167552482	-0.199237781	0.282930365	0.107499956	0.369341661	0.227994403	0.45168089	0.135418397	0.69035886	0.246046686	0.024899931	0.314343531	0.602537661	0.203942304	0.386275638	0.174380639
-0.15523131	-0.212031924	0.108333975	-0.002885209	0.176303853	0.099821075	0.246559592	0.085423466	0.931974646	0.35559322	0.048856952	0.395722921	0.885800406	0.522418165	0.259829727	0.121846133
-0.076739742	-0.14137512	-0.02092517	-0.006991504	0.032199161	0.060635387	0.057506475	0.060368939	1.201706826	0.489799837	0.104230323	0.451631492	1.086556976	0.82290059	0.122701883	0.118960932
0.064435219	0.01382186	-0.069043567	0.079808233	-0.03461393	0.097304314	-0.070549613	0.072690193	1.437120975	0.619095819	0.180352314	0.470202511	1.175990749	1.074638689	0.018598282	0.157378209
0.246737963	0.227141785	-0.031156441	0.221204347	-0.022966362	0.180449917	-0.119891411	0.123139433	1.594248254	0.721972573	0.265472073	0.456726918	1.164297443	1.264148117	-0.02864356	0.219189376
0.426763022	0.447731096	0.089938647	0.327768627	0.054935912	0.241973717	-0.060150089	0.210960761	1.607976417	0.754433358	0.328966114	0.405512529	1.059928591	1.382804619	0.037737811	0.285713711
0.564253409	0.623533337	0.251172514	0.352498537	0.161027238	0.246780625	0.080221329	0.314229504	1.494025911	0.714974281	0.356003676	0.331742128	0.910100024	1.439889735	0.201667293	0.339833046
0.611726496	0.70431258	0.428922883	0.214395465	0.268814977	0.136620516	0.31323931	0.417896511	1.22841821	0.567627985	0.30922984	0.216739856	0.715264148	1.428697315	0.501786304	0.375062375
-0.531593912	-0.070734823	0.46693327	0.424573416	-0.042156033	-0.489740528	-0.493427647	-0.311546178	-0.087879974	-0.65840537	-0.603393198	-0.454236671	-0.18005552	0.826528213	-0.444288569	-0.218437058
-0.499815792	-0.111341726	0.381783907	0.137426631	-0.194926237	-0.773127768	-0.55176866	-0.188016416	-0.203658666	-0.6385526	-0.496078331	-0.345268943	-0.180628015	0.574282057	-0.469696406	-0.427689681
-0.532563566	-0.193676489	0.232044802	-0.070844946	-0.300355703	-0.881594065	-0.517252985	-0.143892612	-0.348821129	-0.648278765	-0.450577647	-0.239255355	-0.127993352	0.2647208	-0.384982199	-0.487709402
-0.596117014	-0.283081864	0.081437934	-0.171466202	-0.335405419	-0.836379893	-0.405019795	-0.159277461	-0.480687326	-0.674787766	-0.458885281	-0.180705093	-0.092503461	-0.056717373	-0.235761485	-0.431806816
-0.670265537	-0.359735081	-0.021765194	-0.128772654	-0.270325686	-0.621131302	-0.219178718	-0.229812034	-0.553226518	-0.703033635	-0.519677033	-0.196660934	-0.099816671	-0.314353208	-0.048708475	-0.254967388
-0.714922814	-0.410227994	-0.048365487	-0.005563409	-0.132786788	-0.328977388	-0.006112619	-0.303720876	-0.543504272	-0.70189665	-0.585836174	-0.2661477	-0.155176231	-0.465104862	0.12119773	-0.031115665
-0.708415078	-0.434945996	-0.002592478	0.137525107	0.041131866	-0.026783372	0.192516852	-0.347213989	-0.443343547	-0.645864876	-0.617560409	-0.342781672	-0.214526822	-0.468913675	0.243066661	0.195958504
-0.633029991	-0.436952402	0.088912623	0.216879724	0.191604785	0.191034216	0.32427787	-0.321796728	-0.268213141	-0.515922841	-0.56946402	-0.36407722	-0.225357421	-0.328252285	0.288077061	0.362152822
-0.497427062	-0.421411165	0.186819348	0.207343921	0.28303336	0.299983576	0.365271105	-0.22793918	-0.043939192	-0.316698919	-0.432466129	-0.289188114	-0.138104678	-0.067910746	0.258828755	0.454119907
-0.320783222	-0.388529897	0.258940089	0.115082342	0.297132761	0.297680368	0.310452351	-0.080532368	0.191884061	-0.073223051	-0.220414205	-0.111430514	0.052272212	0.243303861	0.166471865	0.464019297
-0.140468179	-0.33789993	0.289140044	0.005763516	0.256912376	0.246629251	0.192705773	0.075512207	0.401836004	0.167338083	0.015225445	0.127949876	0.307485203	0.520339221	0.042532762	0.423403186
0.008020671	-0.269733568	0.282386302	-0.054668183	0.200101236	0.204981781	0.058810967	0.200144767	0.547858309	0.352206153	0.216379591	0.359136516	0.545021952	0.663168839	-0.085498799	0.352616764
0.090618608	-0.19220609	0.255783586	-0.006720362	0.17532784	0.235369162	-0.033937725	0.256055976	0.601031576	0.434140418	0.324770178	0.50434363	0.677145384	0.596568026	-0.188304384	0.278783807
0.091709667	-0.121431702	0.227849362	0.149921848	0.207298482	0.345155237	-0.048921996	0.235856827	0.542120185	0.390477918	0.313917711	0.513699462	0.639469422	0.282350788	-0.252517555	0.199228631
0.010539238	-0.080941703	0.205018673	0.371156487	0.295069927	0.510274253	0.026114918	0.150081903	0.370893435	0.228793002	0.188281073	0.38222094	0.428735631	-0.250271052	-0.270988486	0.10911877
-0.131559881	-0.092551413	0.177715422	0.563329155	0.400044192	0.658243156	0.165184004	0.033676802	0.106147729	-0.009759904	-0.007997722	0.158639655	0.10532607	-0.912474299	-0.250647965	-0.01164387
-0.302212321	-0.168267706	0.123140549	0.635496019	0.469668653	0.721616607	0.321291911	-0.078462205	-0.21061989	-0.263141341	-0.214038093	-0.07420452	-0.216775667	-1.561535444	-0.198704704	-0.163197788
-0.459471823	-0.300646803	0.018384856	0.520601431	0.450835643	0.645661847	0.436467413	-0.153817689	-0.523515798	-0.462540046	-0.363782974	-0.22533566	-0.413492946	-2.042873098	-0.125975998	-0.334526695
-0.566212364	-0.46152049	-0.146085999	0.219402074	0.321439907	0.433760728	0.470665903	-0.181054374	-0.770114382	-0.553767158	-0.413914734	-0.231845083	-0.390728243	-2.223331418	-0.035504978	-0.483728143
-0.593172867	-0.605790371	-0.355224789	-0.20762571	0.096084992	0.132366312	0.411520156	-0.16224646	-0.898613688	-0.510130921	-0.34932864	-0.079040799	-0.125358899	-2.037380893	0.071472119	-0.563589677
-0.529498916	-0.684598816	-0.569731447	-0.645161863	-0.168516691	-0.165885349	0.285916003	-0.115751319	-0.879619254	-0.341421066	-0.191751744	0.191412441	0.326644674	-1.502401963	0.200424176	-0.523813318
-0.380741832	-0.659622135	-0.735803261	-0.97212208	-0.397835315	-0.370541511	0.14558414	-0.058867534	-0.717803051	-0.088623047	0.015461582	0.498792683	0.842118282	-0.723583457	0.353876261	-0.344414928
-0.171440633	-0.517505191	-0.804269235	-1.091876427	-0.520292758	-0.41214752	0.053081463	-0.006305366	-0.450528074	0.186439307	0.217227083	0.749294549	1.274048565	0.139125711	0.532945231	-0.036134967
0.063634904	-0.275379747	-0.749035566	-0.97455431	-0.499381199	-0.282546372	0.053537612	0.040895413	-0.140738444	0.419812409	0.368657872	0.869769453	1.496407403	0.909776332	0.729187513	0.345908432
0.283507709	0.021578907	-0.579930971	-0.657581239	-0.343643218	-0.027106833	0.16120407	0.087433882	0.141623476	0.560516658	0.441834646	0.828382413	1.447563325	1.450090257	0.928861325	0.725554869
0.452866409	0.313498564	-0.341740202	-0.240896684	-0.109814489	0.258212292	0.348990046	0.143366557	0.337460769	0.583661801	0.434363909	0.643092089	1.144565098	1.691382602	1.110472738	1.01735634
0.546909533	0.542773839	-0.101383091	0.154264455	0.120652769	0.470960791	0.561013456	0.211314278	0.416151221	0.493034832	0.361195377	0.369023319	0.675750306	1.652655837	1.253153724	1.161241435
0.559661504	0.671882996	0.074756597	0.416754156	0.266243615	0.527623728	0.728686913	0.286961019	0.381513524	0.318508467	0.250064926	0.07769774	0.164867038	1.422638883	1.33751919	1.132169869
0.502913745	0.693226426	0.142751594	0.485179311	0.277788677	0.401967205	0.798137885	0.354909072	0.269447172	0.105358336	0.128509544	-0.169029162	-0.268778827	1.128062966	1.353318589	0.954613538
0.405906694	0.630315124	0.096154633	0.356013939	0.151895109	0.124543689	0.745617826	0.398763399	0.133397889	-0.096346606	0.021073597	-0.334687176	-0.548889764	0.885260057	1.297714323	0.685673112
0.306036513	0.527497551	-0.03381799	0.084317903	-0.065893852	-0.220342505	0.587321927	0.40501565	0.027220135	-0.243387271	-0.056019374	-0.413847843	-0.65716075	0.765263719	1.177795018	0.402132404
0.241530188	0.43442954	-0.190912955	-0.244415369	-0.301845268	-0.531775721	0.3687502	0.373401285	-0.012643163	-0.305675481	-0.09049893	-0.422926305	-0.630019425	0.771860658	1.004630821	0.169079696
0.23943035	0.388426915	-0.316490764	-0.538062056	-0.478811694	-0.718485718	0.148758291	0.314791124	0.024002397	-0.270409622	-0.074838546	-0.386534701	-0.533043971	0.85057162	0.792572444	0.026830874
0.309943825	0.403164334	-0.371249096	-0.728820997	-0.546545598	-0.734041342	-0.025319143	0.250008208	0.120452181	-0.141072027	-0.003190262	-0.322914907	-0.433024993	0.913526934	0.553422574	-0.023472419
0.441397887	0.465162502	-0.349717913	-0.78285674	-0.496002761	-0.581770514	-0.132251169	0.197593425	0.243089981	0.064023933	0.123636871	-0.238841043	-0.372102836	0.879593168	0.29768862	-0.008858473
0.60455239	0.541196494	-0.279768116	-0.705255474	-0.362183021	-0.314728112	-0.184648587	0.167295717	0.354912699	0.315799381	0.296310708	-0.132526558	-0.360516116	0.70568003	0.032536441	0.025610932
0.758725094	0.591401232	-0.209734352	-0.525455777	-0.206228986	-0.008264904	-0.218762078	0.151752069	0.429551924	0.577555576	0.491455856	-0.004698072	-0.381749989	0.405849	-0.234031944	0.041104303
0.864688867	0.58546485	-0.186120024	-0.286067344	-0.092477132	0.260973855	-0.278847709	0.130776416	0.458481166	0.810253569	0.674453422	0.131540288	-0.411597622	0.044582399	-0.493581865	0.015131131
0.894731594	0.513947964	-0.233240206	-0.026382204	-0.0619288	0.443007728	-0.395019593	0.077672216	0.451074099	0.97747219	0.803904893	0.246364877	-0.43413998	-0.285612445	-0.734080561	-0.04854289
0.842804288	0.393230974	-0.34052452	0.22110402	-0.119364496	0.519982021	-0.570794341	-0.025457483	0.426847466	1.052503763	0.844829552	0.3002292	-0.452457268	-0.499034236	-0.942729089	-0.129774353
0.725972563	0.260362296	-0.465206558	0.434199195	-0.231921427	0.50799903	-0.778269469	-0.178248752	0.405211234	1.024071167	0.779701662	0.258872737	-0.483063815	-0.545309438	-1.10601756	-0.200900539
0.581847374	0.162200485	-0.546798953	0.59532738	-0.345126341	0.438909345	-0.969366835	-0.354702504	0.396496151	0.901254778	0.619402913	0.111594798	-0.543326966	-0.426139722	-1.214601123	-0.244974554
0.457071963	0.140195682	-0.530682265	0.692195921	-0.403760714	0.347922719	-1.092092721	-0.509675352	0.398989293	0.713339517	0.402943757	-0.116901675	-0.633163106	-0.190790178	-1.263718178	-0.261090496
0.395103128	0.218187869	-0.388805082	0.716949069	-0.374520991	0.25633946	-1.111610881	-0.590399396	0.402433625	0.505514054	0.190315468	-0.367020119	-0.727116463	0.082882228	-1.256321833	-0.268230542
0.421634353	0.39414533	-0.132806315	0.67337954	-0.256815754	0.17133041	-1.021879219	-0.556698413	0.396254165	0.328489316	0.044100583	-0.559776405	-0.776613624	0.316811755	-1.200650399	-0.293159676
0.537011828	0.64051617	0.188671531	0.579728831	-0.082808528	0.086410132	-0.849548708	-0.395645593	0.378056562	0.226191226	0.010791993	-0.622647264	-0.729206353	0.456599334	-1.110434021	-0.360677106
0.713070942	0.909620932	0.503802692	0.471230948	0.096956145	-0.004894884	-0.643017529	-0.13172195	0.357668531	0.222941637	0.103094561	-0.51668318	-0.5513942	0.48474173	-1.000521841	-0.478254495
0.900665869	1.145035098	0.74110806	0.391187514	0.231891845	-0.103596127	-0.45697204	0.178603069	0.354391211	0.316054339	0.294826828	-0.254354497	-0.251241525	0.417800468	-0.886600106	-0.633981138
1.040951898	1.29260899	0.850110115	0.378659672	0.290298951	-0.197323423	-0.332457245	0.460208267	0.387398506	0.474717569	0.526051464	0.100038642	0.116507803	0.292168348	-0.781325497	-0.796548488
1.082584962	1.311968662	0.816333588	0.449953176	0.268018408	-0.26727159	-0.28571784	0.64308574	0.463954236	0.648035913	0.722228363	0.448332465	0.460493838	0.144741638	-0.695138264	-0.929248177
0.994727291	1.182968854	0.661468199	0.588047818	0.188001434	-0.292815563	-0.303374647	0.68203892	0.569945946	0.778357516	0.816433122	0.690052133	0.682907431	-0.001936612	-0.633031464	-0.999755793
0.777674124	0.910373426	0.434710402	0.73985876	0.088393461	-0.265041533	-0.351234374	0.572310892	0.669060609	0.818074925	0.772053947	0.755504412	0.711944109	-0.144530731	-0.595939692	-0.994024023
0.462364112	0.522555677	0.194185507	0.831154867	0.00828985	-0.188380185	-0.38632304	0.348993752	0.711152982	0.742776483	0.593218937	0.629547655	0.531705026	-0.292520586	-0.577723157	-0.915997035
0.104901791	0.0690952	-0.008619806	0.789719358	-0.026549102	-0.083886936	-0.374078463	0.077601376	0.649573752	0.558819183	0.324492518	0.355807905	0.189321785	-0.454665828	-0.567933102	-0.787033278
-0.228713554	-0.387237475	-0.14222787	0.575487384	-0.009102217	0.022721319	-0.297408655	-0.168217015	0.459723886	0.30075358	0.034739412	0.021290647	-0.215976529	-0.625946339	-0.550701854	-0.632143485
-0.47669375	-0.778499173	-0.196200058	0.199647054	0.049612464	0.10668577	-0.162476686	-0.32635593	0.153667815	0.021873191	-0.203505709	-0.274676155	-0.567824546	-0.781511173	-0.510879546	-0.474054781
-0.597875262	-1.044449858	-0.178518773	-0.269222319	0.129726617	0.157903567	0.007995652	-0.365152559	-0.217880909	-0.221593613	-0.337915753	-0.453676346	-0.769315986	-0.881989704	-0.435239327	-0.322325016
-0.578462459	-1.142735846	-0.104710213	-0.723783819	0.210952796	0.177901546	0.181817601	-0.28675443	-0.575940552	-0.384951774	-0.349042785	-0.483520096	-0.778204716	-0.887915946	-0.320107033	-0.178678347
-0.436202467	-1.060633508	0.007393114	-1.048651122	0.280901653	0.181429097	0.331031251	-0.124533413	-0.836291535	-0.446829043	-0.254944598	-0.384371662	-0.616048098	-0.778215264	-0.170148586	-0.037481846
-0.212227925	-0.818482908	0.143754931	-1.16180953	0.334891139	0.180314609	0.436939923	0.073983647	-0.934975921	-0.411845946	-0.099507779	-0.21665909	-0.360370343	-0.563867683	-0.001884651	0.100039583
0.036629173	-0.470222817	0.289685681	-1.041877342	0.373984431	0.1815292	0.496502252	0.260141275	-0.85057952	-0.307637882	0.062037979	-0.053729487	-0.109497302	-0.290963114	0.164700117	0.226891267
0.253915454	-0.091620883	0.428902786	-0.741328473	0.397004644	0.174318897	0.516298238	0.401224277	-0.611949273	-0.173965065	0.183922491	0.046791674	0.051343764	-0.030005696	0.307492596	0.323085488
0.391592918	0.233272825	0.537051842	-0.366946232	0.398641158	0.142983022	0.511169032	0.481620353	-0.291609866	-0.052261121	0.239082441	0.06445027	0.085913757	0.145158427	0.414273958	0.370811585
0.422326846	0.434168134	0.58720054	-0.047899725	0.367200614	0.066422021	0.493286688	0.505197014	0.017035516	0.025994034	0.226046631	0.019245701	0.013000775	0.181676065	0.480805691	0.355341814
0.338316021	0.468772939	0.552701916	0.114261334	0.293150534	-0.057012932	0.473214149	0.481388038	0.227345135	0.043396743	0.159009688	-0.040681591	-0.099069315	0.066855029	0.517861525	0.28500843
0.155393917	0.336707012	0.422572552	0.075849359	0.173428614	-0.214713052	0.452441044	0.422620818	0.286745652	-0.000719781	0.061589065	-0.064137862	-0.169251718	-0.165888027	0.539012925	0.181828212
-0.097652344	0.075685942	0.205665599	-0.127003657	0.021990976	-0.363882945	0.431661344	0.331191669	0.190331983	-0.095900806	-0.049601736	-0.020668008	-0.131482318	-0.444943392	0.562157677	0.090047659
-0.378935098	-0.244789243	-0.05986381	-0.400421796	-0.134645939	-0.461292195	0.405082783	0.208431234	-0.019049898	-0.223373245	-0.164460657	0.083993817	0.029204054	-0.682589447	0.59167831	0.046316891
-0.648835475	-0.547146512	-0.319101844	-0.618542145	-0.257943853	-0.459456733	0.371860965	0.049932065	-0.268364283	-0.364249728	-0.286121457	0.210260157	0.279294885	-0.799607757	0.625685965	0.083002253
-0.867497944	-0.76117777	-0.507030457	-0.682467341	-0.316971413	-0.3518381	0.325598649	-0.134725855	-0.478324665	-0.499539129	-0.415369194	0.300790751	0.538924	-0.750467987	0.64261104	0.192656084
-1.011633399	-0.848255351	-0.576560236	-0.542724766	-0.292596334	-0.152168748	0.267145444	-0.331845878	-0.590160544	-0.616116747	-0.553614861	0.305959195	0.726323024	-0.532673917	0.623622103	0.352358393
-1.064859922	-0.801979698	-0.504741267	-0.235453235	-0.197402557	0.068980889	0.187854524	-0.506402833	-0.581416144	-0.702057463	-0.684385875	0.205651773	0.774310556	-0.190076727	0.542133954	0.498073535
-1.036005136	-0.65542391	-0.31380444	0.154958992	-0.06085794	0.249919838	0.09028604	-0.632162922	-0.470927213	-0.753448431	-0.791547321	0.019396099	0.674738994	0.206609977	0.397959583	0.584440142
-0.936748513	-0.457099339	-0.051289365	0.497078029	0.061856906	0.300446798	-0.035212645	-0.673671829	-0.307977392	-0.766806384	-0.84456138	-0.199658635	0.45610266	0.571137034	0.191998785	0.550962558
-0.80643561	-0.269290968	0.205349845	0.704427008	0.133482265	0.214552052	-0.172183122	-0.637143572	-0.153835999	-0.751244209	-0.839326387	-0.38683388	0.202233576	0.836290513	-0.031979761	0.412831476
-0.664003844	-0.129649674	0.398855099	0.698946718	0.1110197	-0.043805515	-0.32650103	-0.515603443	-0.061950868	-0.711912133	-0.761176365	-0.487515225	-0.02765253	0.945735333	-0.254987173	0.155825493
0.301076808	0.485316419	0.995380966	0.784858876	0.660996434	-0.125994959	0.336409836	0.572823647	0.297431224	0.326780022	0.352861023	0.368326954	-0.025058103	-1.682841871	-0.214731195	-1.061827632
0.320301239	0.553771424	0.750202298	0.673572828	0.414190491	-0.423381103	0.264032392	0.640910419	0.141766901	0.252830191	0.388948309	0.473542099	0.119274816	-1.713191828	-0.152361452	-1.298352519
0.210507731	0.426829609	0.438112606	0.443560211	0.16544621	-0.609541976	0.17325899	0.580835152	0.04568378	0.145942964	0.318993254	0.533877648	0.379203022	-1.523784115	-0.077245895	-1.355158654
0.020781513	0.166098154	0.105280423	0.168669187	-0.055682922	-0.674217864	0.093138024	0.435541767	0.002314442	0.030980604	0.18460576	0.54550225	0.666443558	-1.161788327	0.030184888	-1.227300961
-0.207007591	-0.177363876	-0.168259065	-0.086878105	-0.188340395	-0.576335249	0.05589692	0.235139179	0.025184934	-0.060617377	0.017060702	0.500143182	0.904914889	-0.675039182	0.169076291	-0.895472454
-0.396405643	-0.487737311	-0.339163733	-0.269911568	-0.228795002	-0.381524218	0.075567421	0.055724535	0.085400212	-0.105083838	-0.120730961	0.430444256	1.041380307	-0.187386318	0.335643277	-0.461163585
-0.499560207	-0.686423693	-0.377718337	-0.368479821	-0.179439703	-0.154132505	0.151634196	-0.054201751	0.172109498	-0.088102374	-0.192582802	0.364838838	1.066054403	0.19471551	0.506970138	-0.028308437
-0.483151994	-0.707505755	-0.301443468	-0.401954654	-0.084334972	-0.001666565	0.265401405	-0.053243843	0.25912243	-0.015452795	-0.174610893	0.336224177	0.999648296	0.367414305	0.660436247	0.264573702
-0.362963845	-0.557958418	-0.143432229	-0.415575024	0.021016495	0.019474198	0.394043106	0.048549183	0.3376934	0.088864172	-0.087781617	0.344931595	0.878384347	0.296773645	0.772903317	0.348993485
-0.178605437	-0.279754188	0.041589208	-0.451094011	0.096424988	-0.120533559	0.515680812	0.218138546	0.385200519	0.182846118	0.026995479	0.370600156	0.727865246	-0.002823423	0.837887264	0.205661788
0.002055716	0.036089403	0.212148676	-0.530930498	0.134611226	-0.372299704	0.62000552	0.388727769	0.384985087	0.21947471	0.106070626	0.363705655	0.552388353	-0.447573759	0.860378455	-0.087831944
0.119329123	0.303803117	0.336475557	-0.641946195	0.140990373	-0.658015954	0.704949351	0.500859033	0.306858646	0.158573362	0.099976467	0.278107986	0.334165461	-0.932878488	0.858629801	-0.419569086
0.126945523	0.445389286	0.410928313	-0.743706458	0.146361228	-0.866622454	0.774410957	0.505051624	0.13368389	-0.0155358	-0.020014	0.082550288	0.051821853	-1.342848569	0.847656518	-0.65284618
0.017751952	0.430481519	0.442717781	-0.782769097	0.174960389	-0.919810795	0.827160902	0.392415367	-0.141727812	-0.285503481	-0.237591006	-0.209980336	-0.298747279	-1.598768551	0.833257517	-0.702820663
-0.185232658	0.261952042	0.451437469	-0.720643908	0.246428921	-0.773611566	0.853508927	0.183205944	-0.489601121	-0.597540713	-0.503401582	-0.547258462	-0.685727078	-1.65896205	0.80083005	-0.540882715
-0.426578832	-0.014289433	0.448046253	-0.551610157	0.352470221	-0.455454993	0.832963706	-0.068424284	-0.852621335	-0.873488744	-0.739376223	-0.841756592	-1.041540892	-1.536766703	0.722314238	-0.224610641
-0.643694645	-0.341278848	0.438343601	-0.312972929	0.471214797	-0.032827798	0.743791425	-0.303254758	-1.143286356	-1.029705586	-0.871149391	-1.005927799	-1.279550772	-1.274312926	0.5640124	0.147451549
-0.776621167	-0.65407093	0.414815787	-0.07285228	0.564900923	0.391795094	0.573038059	-0.465048332	-1.277894068	-1.004132475	-0.844647554	-0.977232263	-1.326838153	-0.936283193	0.307202346	0.456462964
-0.791446258	-0.906661938	0.371283967	0.091894833	0.606149706	0.733028843	0.329895169	-0.525681324	-1.196180519	-0.777490179	-0.651823969	-0.75037463	-1.156011994	-0.578400563	-0.040025837	0.625612278
-0.681519631	-1.066054227	0.304076864	0.127403408	0.580943777	0.933123655	0.048917842	-0.48242912	-0.896765726	-0.38623737	-0.328933687	-0.379264351	-0.805529762	-0.245537923	-0.433453773	0.631426585
-0.473786656	-1.123154369	0.224865513	0.024287523	0.504271789	0.991416397	-0.213805241	-0.363469098	-0.43947349	0.083173391	0.046588029	0.030726227	-0.374567081	0.042564855	-0.802510658	0.523123505
-0.214249955	-1.077807352	0.153843294	-0.173452064	0.406841278	0.9439711	-0.397726459	-0.209369021	0.057642967	0.514230163	0.38358667	0.35971061	0.005300558	0.278213273	-1.066938197	0.385287619
0.039722957	-0.943573639	0.118215005	-0.382821109	0.330042268	0.856744055	-0.457454477	-0.066653722	0.457865566	0.793676093	0.598353429	0.507624858	0.215513535	0.467562381	-1.164904063	0.313265057
0.23932763	-0.735673835	0.135009748	-0.509157655	0.301266992	0.78564047	-0.382681896	0.031259928	0.642928468	0.844591557	0.643338707	0.431948164	0.193607283	0.616567264	-1.07359236	0.36209399
0.351360523	-0.478655077	0.205342996	-0.482035101	0.327380093	0.765880823	-0.205528661	0.06496104	0.560392341	0.652240308	0.515698501	0.158562786	-0.0406559	0.736513756	-0.822422738	0.53559322
0.369521611	-0.19857719	0.304942605	-0.281185555	0.383699439	0.791172721	0.004574994	0.036017017	0.240365016	0.270650032	0.261081439	-0.222876186	-0.389963553	0.838295198	-0.485341882	0.776782586
0.310257222	0.07110325	0.392975523	0.05271325	0.427381575	0.830105685	0.16210102	-0.042606929	-0.204309766	-0.190060412	-0.044490628	-0.592060085	-0.712494176	0.941018287	-0.161033784	1.002474508
0.210828337	0.300614539	0.420884745	0.431415327	0.408180505	0.834670316	0.19241739	-0.148082076	-0.616645638	-0.595191961	-0.313301346	-0.834623875	-0.8742136	1.064874226	0.059279179	1.130096819
0.115106971	0.464094835	0.353253328	0.747678932	0.293384163	0.771342808	0.058612293	-0.259174081	-0.841948544	-0.823942498	-0.473778151	-0.88193156	-0.798781517	1.231073039	0.118986282	1.119724482
0.064845963	0.552269859	0.179058997	0.912928983	0.077902776	0.629317334	-0.224906103	-0.356434232	-0.784049899	-0.805350201	-0.485888111	-0.728698895	-0.498017465	1.446576854	0.014296788	0.981763288
0.085125523	0.570463194	-0.07855607	0.886296174	-0.206638023	0.432928243	-0.594614046	-0.428674901	-0.435156328	-0.53842609	-0.352850648	-0.433744216	-0.068441122	1.699400937	-0.208504818	0.777458804
0.180138763	0.542122737	-0.370111802	0.688599397	-0.504393518	0.225524916	-0.958407149	-0.46926267	0.116340575	-0.092192759	-0.114705678	-0.094365085	0.343330356	1.949330803	-0.470589304	0.584506516
0.328714237	0.49644479	-0.631896983	0.392776112	-0.749346369	0.058392298	-1.225119427	-0.479187621	0.717602631	0.415907037	0.162261671	0.186295007	0.595920367	2.137537768	-0.69107887	0.468856618
0.49221682	0.462353671	-0.808423956	0.098590129	-0.890387623	-0.034886979	-1.334949469	-0.462636232	1.198457456	0.854662739	0.407180607	0.33568949	0.606022347	2.197605965	-0.814736431	0.450344943
0.62262383	0.454090678	-0.867822387	-0.102443969	-0.904727541	-0.045036063	-1.278008366	-0.429397214	1.429875546	1.117209286	0.561004143	0.331190582	0.380845147	2.081407418	-0.830861471	0.499720965
0.678863788	0.470359054	-0.813363951	-0.155419113	-0.807519556	0.0061966	-1.096403099	-0.390361219	1.36176498	1.149663836	0.592913921	0.20408205	0.015092512	1.776201624	-0.772821017	0.546835656
0.637448496	0.492517436	-0.679238642	-0.057668279	-0.642846655	0.081433799	-0.867778753	-0.358361643	1.038097074	0.963047429	0.503871536	0.021125352	-0.34393685	1.320157433	-0.702621208	0.516749629
0.503069771	0.497190348	-0.519779519	0.146512973	-0.470722614	0.139307935	-0.678086534	-0.342349351	0.574753034	0.624965564	0.325823619	-0.141446693	-0.552537064	0.795631225	-0.683465245	0.359558618
0.306869189	0.464458882	-0.389736844	0.384802863	-0.345097434	0.154749406	-0.592237442	-0.347033974	0.118600632	0.235658806	0.109324889	-0.22737651	-0.523703353	0.313401338	-0.754276357	0.079190407
0.10044969	0.391104451	-0.328906127	0.584998596	-0.3001959	0.122981893	-0.634124272	-0.368275235	-0.205586351	-0.103618358	-0.088756195	-0.216614323	-0.25991422	-0.020653777	-0.912813415	-0.267941232
-0.061091595	0.290435964	-0.350802431	0.697489746	-0.340849934	0.061621658	-0.781455918	-0.395825645	-0.332745054	-0.319130702	-0.221692059	-0.128774122	0.149893079	-0.133952433	-1.116315902	-0.588264491
-0.134456398	0.190368544	-0.443545507	0.708235938	-0.447255695	-0.003800292	-0.976927179	-0.413829811	-0.274714522	-0.381917588	-0.262104199	-0.008947743	0.564131462	-0.012602775	-1.296120138	-0.789466379
-0.104359591	0.118524999	-0.576932112	0.634709755	-0.583584377	-0.050148827	-1.149746232	-0.408145917	-0.105002093	-0.309533673	-0.209108557	0.092328454	0.843262222	0.296397768	-1.382685736	-0.812160249
0.012233399	0.091941955	-0.715876332	0.512662808	-0.713097526	-0.070915424	-1.239422848	-0.369414611	0.074277163	-0.153587996	-0.08510376	0.140789058	0.900202784	0.696401721	-1.328760826	-0.655786222
0.168575626	0.104946609	-0.831059787	0.376140691	-0.807364989	-0.075758673	-1.212756134	-0.299001382	0.175980629	0.021009834	0.069701529	0.128946817	0.731266388	1.073039022	-1.1244411	-0.375318806
0.30419399	0.131980824	-0.90604163	0.244299077	-0.85266978	-0.087614269	-1.069081007	-0.207149299	0.15872538	0.157585302	0.210076114	0.07602017	0.411976845	1.325508409	-0.796918905	-0.062980946
0.362474439	0.134227264	-0.936475602	0.115344751	-0.847032327	-0.127840892	-0.833517189	-0.111854307	0.039765261	0.222563151	0.29575649	0.014588322	0.065094276	1.39743029	-0.398384858	0.189677792
0.311205661	0.078900842	-0.925595128	-0.02562735	-0.795991517	-0.207343117	-0.542809362	-0.030643902	-0.119294796	0.210420535	0.302840741	-0.025726172	-0.190709938	1.286638124	0.014183002	0.322093132
0.151855885	-0.047407934	-0.877437399	-0.194864304	-0.705561164	-0.317402251	-0.230860958	0.02356569	-0.240975031	0.138218198	0.227049543	-0.033686764	-0.285524857	1.04226069	0.396684994	0.327185616
-0.07835403	-0.22604363	-0.793322776	-0.394559606	-0.580711888	-0.434848628	0.080093595	0.049028646	-0.267484533	0.034381368	0.085194661	-0.020817575	-0.224558972	0.740354063	0.728163026	0.246035464
-0.320078245	-0.411687916	-0.672196867	-0.60729872	-0.425670002	-0.529025533	0.379406256	0.053144769	-0.183252721	-0.073943748	-0.092237412	-0.016520983	-0.080366678	0.458833481	1.008400819	0.14941354
-0.508778803	-0.543137606	-0.515426678	-0.796547904	-0.249319837	-0.577574747	0.661042152	0.051091715	-0.021163937	-0.168911487	-0.267793283	-0.052905783	0.038246416	0.249333914	1.247272602	0.102816089
-0.597423058	-0.568411396	-0.332338639	-0.920098882	-0.067995444	-0.573430218	0.91392616	0.056771328	0.154551341	-0.244346643	-0.408587335	-0.149558671	0.034474748	0.127614695	1.449677923	0.141716537
-0.568555124	-0.462014461	-0.143454929	-0.943215263	0.093016848	-0.530311165	1.116242979	0.079016872	0.275114904	-0.301501683	-0.491525761	-0.301401844	-0.138456207	0.071975764	1.605758624	0.254786587
-0.440824692	-0.241008235	0.021704409	-0.853980597	0.205394955	-0.473129105	1.236807422	0.115008104	0.297723468	-0.342943574	-0.509333303	-0.47856748	-0.456134649	0.041919099	1.689226343	0.394259585
-0.258230828	0.04142071	0.132234506	-0.665775312	0.245398408	-0.429095975	1.244830732	0.154129203	0.220884133	-0.366524982	-0.46719264	-0.634596789	-0.835295989	-0.005653119	1.667320933	0.494754019
-0.076593005	0.30791403	0.16655691	-0.41548397	0.204711295	-0.411411464	1.123271298	0.179841278	0.084916153	-0.364460126	-0.381046414	-0.723698876	-1.163964921	-0.094382318	1.51585836	0.506319292
0.058930778	0.487327493	0.121815745	-0.148323181	0.095035029	-0.416200486	0.880966402	0.180835958	-0.048970906	-0.326004174	-0.268384421	-0.71568498	-1.346950716	-0.225239427	1.235371249	0.411965048
0.124994152	0.534381304	0.017753423	0.093132797	-0.051201921	-0.420201024	0.556361377	0.153901579	-0.124208764	-0.24456024	-0.145817138	-0.607430233	-1.336817742	-0.374615558	0.858078705	0.239094813
0.129303836	0.450942613	-0.107450701	0.283248157	-0.190851871	-0.396128135	0.211359934	0.111150061	-0.116178422	-0.123347672	-0.022266749	-0.421365712	-1.150787119	-0.512457137	0.444926395	0.042080605
0.100412422	0.278944359	-0.208341322	0.412458575	-0.281393433	-0.321795653	-0.084948636	0.072647631	-0.040566941	0.020803717	0.096981116	-0.197903837	-0.854595962	-0.610684573	0.069379496	-0.115824839
0.078303624	0.091238755	-0.247045107	0.486931299	-0.296639422	-0.197986815	-0.275741991	0.064040923	0.05054628	0.16053425	0.211679733	0.021099689	-0.536088219	-0.661192519	-0.202688588	-0.195500429
0.091914017	-0.04306875	-0.205588993	0.514553634	-0.232708044	-0.0451047	-0.333687679	0.100640593	0.09462714	0.264267116	0.317511632	0.203644415	-0.264581265	-0.670159223	-0.334017572	-0.190408627
0.152030557	-0.076060896	-0.091988525	0.501750839	-0.111059031	0.096182573	-0.267843222	0.185575676	0.04276536	0.306873859	0.408239017	0.337537353	-0.070789128	-0.660600522	-0.325282496	-0.135271658
0.240220772	-0.007961281	0.064102336	0.444454819	0.033575452	0.189118516	-0.11936108	0.299055305	-0.113345938	0.277291053	0.468967475	0.426273198	0.064139081	-0.650802588	-0.21480242	-0.079517919
0.322938217	0.12452612	0.22237584	0.338647065	0.163146838	0.207688244	0.05420783	0.41080828	-0.339820709	0.183960684	0.486127864	0.484510752	0.185693358	-0.655288707	-0.062616159	-0.07415534
0.357160258	0.251297087	0.348586397	0.182096915	0.255159014	0.160031646	0.19830399	0.480691835	-0.56541014	0.052002936	0.445284792	0.523670668	0.344006471	-0.667368571	0.067834884	-0.13620749
0.317629008	0.311363138	0.426098388	-0.008011152	0.305250689	0.074607361	0.279169848	0.483455826	-0.714002188	-0.082572742	0.346947758	0.54922483	0.556943315	-0.678310169	0.132046663	-0.255386731
0.19806638	0.261759685	0.463528724	-0.20064336	0.33360389	0.004798918	0.291891495	0.4073704	-0.724771118	-0.184352746	0.200494094	0.553955471	0.804675228	-0.67026062	0.113217612	-0.383410323
0.028825783	0.115283647	0.487458735	-0.345078764	0.366937637	-0.010986978	0.258088969	0.275061927	-0.584420094	-0.226786531	0.037023815	0.530227361	1.024799882	-0.648404571	0.0265809	-0.477709362
-0.14679193	-0.085634133	0.533345834	-0.397253423	0.434628293	0.054833953	0.21319087	0.121395814	-0.320447881	-0.20033228	-0.110785847	0.470640213	1.14887413	-0.622830857	-0.094880881	-0.499985644
-0.268608537	-0.256214738	0.62416989	-0.322455499	0.541808665	0.177815038	0.190388757	0.003741164	-0.005757534	-0.112232566	-0.200270211	0.385611487	1.119844771	-0.635110607	-0.210233053	-0.466311664
-0.303270757	-0.336289849	0.764175126	-0.128095741	0.679519167	0.321806508	0.206627607	-0.042763236	0.285232961	0.014720035	-0.212759367	0.291965447	0.93546185	-0.708941943	-0.292029742	-0.406419003
-0.22826741	-0.270077186	0.924417595	0.153847198	0.804686643	0.406578245	0.256628036	0.014638987	0.477225984	0.15089998	-0.134325277	0.223992157	0.635268193	-0.879274721	-0.325364245	-0.399748377
-0.079862413	-0.089460917	1.063729341	0.445836846	0.884117282	0.400500764	0.317331332	0.149227383	0.550158574	0.265110027	0.00196029	0.198931638	0.315040509	-1.114089087	-0.319778227	-0.473322284
0.114198835	0.183316489	1.119348634	0.684835286	0.861053876	0.241436664	0.357373958	0.347299739	0.490659655	0.333749709	0.176605346	0.24111559	0.059452997	-1.40093765	-0.282882807	-0.684068489
0.118825941	0.105045822	0.414129765	0.907452549	0.565921521	0.816324104	0.180421334	-0.237259678	0.469943238	0.613721686	0.197060991	0.158891802	-0.039684679	0.250906828	0.107303953	0.553987335
-0.08914678	0.059857962	0.445576192	1.1704627	0.629993841	0.924330787	0.039662352	-0.47373841	0.621206555	0.413823682	-0.097353698	-0.086314224	-0.174836901	0.112539584	-0.216431258	0.371656772
-0.18533079	0.055249258	0.497728329	1.243091844	0.638334195	0.854839583	-0.104180732	-0.543965084	0.768678381	0.303515601	-0.239082582	-0.154323291	-0.093989742	0.003185177	-0.513997294	0.061506189
-0.162243365	0.101238085	0.557168487	1.13790744	0.594526551	0.658255586	-0.239188247	-0.472454813	0.881070249	0.277384461	-0.235431282	-0.079948255	0.134635515	-0.055947233	-0.758335389	-0.288978169
0.009877419	0.213840832	0.61104982	0.839116521	0.498797945	0.366045367	-0.325712655	-0.245153479	0.913206261	0.352445672	-0.058162035	0.135905344	0.464702174	-0.040858702	-0.874623802	-0.583738254
0.276914351	0.381352794	0.649494038	0.447867843	0.382355606	0.075170334	-0.354240463	0.056261863	0.858589247	0.475372815	0.211615363	0.393080084	0.769270775	0.026207407	-0.869839091	-0.751005988
0.585270842	0.581051219	0.666865607	0.048056711	0.269980197	-0.154420644	-0.319645421	0.371956819	0.719739494	0.60414619	0.508828142	0.622731103	0.968655884	0.117027479	-0.756269904	-0.768667485
0.845652006	0.768373072	0.661306742	-0.247717835	0.189972778	-0.267710246	-0.247765717	0.61103821	0.527746797	0.67405211	0.731000349	0.736680015	0.992251456	0.184213986	-0.604774788	-0.670715278
1.003351528	0.898352945	0.632591262	-0.399632439	0.148251827	-0.273161618	-0.166486538	0.736380835	0.312303381	0.659422421	0.833018233	0.716656826	0.853589124	0.198886086	-0.470712271	-0.529076662
1.016415411	0.927863706	0.580094362	-0.399000893	0.14077654	-0.198308398	-0.111382796	0.723588077	0.109130261	0.547626033	0.786752242	0.56694017	0.598604428	0.145557748	-0.412305173	-0.421928734
0.896256884	0.836226952	0.501199484	-0.310519999	0.145123974	-0.104006581	-0.09729931	0.60582706	-0.062063843	0.370679746	0.6304829	0.353394697	0.325063316	0.044751823	-0.432541974	-0.396789265
0.672254619	0.625434534	0.391805544	-0.202308652	0.14022849	-0.030482606	-0.12454538	0.421639504	-0.186791255	0.167284112	0.411831661	0.139663605	0.113862428	-0.063560802	-0.506364588	-0.448350919
0.403998986	0.328415718	0.248203652	-0.149877746	0.105834468	-0.004138799	-0.167546836	0.232347902	-0.265597061	-0.008595482	0.203337232	-0.002166328	0.030361248	-0.11907866	-0.56164179	-0.516385531
0.141083348	-0.002499325	0.070525602	-0.174282726	0.037495493	-0.00868399	-0.195162769	0.073757141	-0.299206967	-0.125212039	0.047108433	-0.045764929	0.07742684	-0.070062721	-0.530135594	-0.510098224
-0.068495758	-0.301303812	-0.134194377	-0.263463454	-0.060197465	-0.015472438	-0.175106586	-0.025027877	-0.293743843	-0.162725439	-0.027334493	0.010697477	0.221047314	0.117696756	-0.353287201	-0.345906747
-0.203187625	-0.507377305	-0.349909657	-0.356206999	-0.170174569	0.0154828	-0.096480843	-0.067694888	-0.249973294	-0.131827394	-0.031148408	0.123663962	0.38409646	0.437284514	-0.02815006	0.012024255
-0.248698073	-0.574667384	-0.552149026	-0.395078726	-0.275684939	0.097631576	0.031210595	-0.059946151	-0.171970938	-0.050316546	0.019130171	0.246025576	0.494664266	0.844068142	0.403087386	0.528850948
-0.208535966	-0.48591156	-0.711030289	-0.333798869	-0.360165461	0.221629066	0.172946123	-0.020701921	-0.063057782	0.052759789	0.093136168	0.325588577	0.493712354	1.25543754	0.844755719	1.100341598
-0.084413666	-0.253262184	-0.796941476	-0.178862652	-0.415681201	0.343608	0.286476724	0.045498059	0.063865242	0.160097661	0.17964349	0.342009475	0.370263368	1.576518224	1.190773077	1.582946844
0.110969189	0.080279582	-0.787183662	0.029071017	-0.437396473	0.414723338	0.332180854	0.132281766	0.190184571	0.25727078	0.270740305	0.293656277	0.147627846	1.719338477	1.343718879	1.839361494
0.362703402	0.45191835	-0.672529096	0.215551175	-0.425456552	0.391922699	0.293698266	0.243772417	0.286846166	0.341587335	0.374238328	0.209227095	-0.113420542	1.634000491	1.259790826	1.786230468
0.636537078	0.788009909	-0.461484847	0.318939561	-0.378045533	0.268563708	0.180023564	0.371281329	0.324103824	0.404330077	0.485823957	0.117478357	-0.349404003	1.320252395	0.952218112	1.423563497
0.886932734	1.020466594	-0.181324463	0.302781829	-0.294926226	0.070772542	0.027801728	0.50119141	0.27410167	0.434158406	0.594097845	0.046623275	-0.502867261	0.835448072	0.499971302	0.83743131
1.051472033	1.097105798	0.12527156	0.183865317	-0.176260333	-0.142209392	-0.115380707	0.600850919	0.123688763	0.406303455	0.663137935	8.14125E-05	-0.549318868	0.276630425	0.014207719	0.17234226
1.072905616	0.993953316	0.407388295	0.011992422	-0.030254004	-0.309174758	-0.203348759	0.637675567	-0.12292718	0.297043605	0.65310823	-0.031408651	-0.490169902	-0.241330558	-0.38472534	-0.414465703
0.909032164	0.718242997	0.615995863	-0.141888107	0.12671772	-0.384325713	-0.210357061	0.580071095	-0.437408712	0.087682215	0.523997087	-0.073330143	-0.356645221	-0.621521842	-0.610501227	-0.802285406
0.558702013	0.309962755	0.714632322	-0.228499559	0.267516786	-0.363538493	-0.134899417	0.421651209	-0.773355617	-0.214623619	0.265887473	-0.142500475	-0.187186959	-0.808785487	-0.624281483	-0.940474964
0.064265439	-0.166495587	0.68834126	-0.233418643	0.362443002	-0.279893051	-0.000768792	0.179817083	-1.071064505	-0.575445624	-0.098610695	-0.245195881	-0.02301184	-0.807827145	-0.448121909	-0.856729227
-0.485288225	-0.632051052	0.54818674	-0.193007538	0.38618242	-0.196043421	0.157361577	-0.095572519	-1.273020233	-0.928560115	-0.503587098	-0.362137426	0.109353097	-0.67678038	-0.144055137	-0.637302669
-0.97970485	-1.009403952	0.32985728	-0.169250671	0.330539798	-0.17158329	0.305935532	-0.342065897	-1.335113845	-1.196024279	-0.8632387	-0.46229095	0.192345348	-0.510045589	0.203808463	-0.389414719
-1.310901917	-1.236826696	0.085954371	-0.227682902	0.208882295	-0.241919065	0.428149492	-0.494883505	-1.241692235	-1.305535423	-1.088524816	-0.507287617	0.221190926	-0.404709011	0.52408422	-0.200025174
-1.409957297	-1.282423095	-0.126532277	-0.396274631	0.057595222	-0.39610444	0.526658181	-0.514280223	-1.010300388	-1.220447143	-1.123725291	-0.475502448	0.191018607	-0.431664339	0.772688683	-0.107325953
-1.264385485	-1.1499518	-0.260672216	-0.653290874	-0.075081541	-0.583724388	0.622018966	-0.392217971	-0.693468018	-0.952302678	-0.95991586	-0.366907052	0.099283786	-0.611164009	0.946358495	-0.094115423
-0.928743478	-0.879709735	-0.292173128	-0.92293489	-0.142774772	-0.729622528	0.73874461	-0.162041574	-0.367389216	-0.568251705	-0.647729362	-0.213232661	-0.060018686	-0.909429374	1.070074587	-0.104014165
-0.505766036	-0.538858441	-0.226419115	-1.108381563	-0.11953896	-0.768989335	0.893177087	0.11719341	-0.117253517	-0.172063239	-0.277780461	-0.063264115	-0.285541582	-1.248833996	1.184733167	-0.072113067
-0.120585662	-0.207638246	-0.097718509	-1.125220458	-0.010071178	-0.671666751	1.080412109	0.373124218	-0.014664315	0.120713664	0.040717708	0.027745162	-0.56701623	-1.535507878	1.3216815	0.043479937
0.119972677	0.039783693	0.039617798	-0.944919922	0.146967191	-0.461567456	1.273004192	0.546729231	-0.099384661	0.221079404	0.21918021	0.023381173	-0.87488406	-1.687906244	1.491274527	0.241713038
0.15473596	0.151129277	0.126049118	-0.608083904	0.290319703	-0.207458757	1.42532763	0.603417943	-0.364005796	0.092073749	0.211750495	-0.084666741	-1.165555699	-1.663395805	1.672740217	0.478270463
-0.012485757	0.108327133	0.113676125	-0.220994682	0.353881528	-0.002495928	1.488553287	0.544545947	-0.752187789	-0.234201732	0.033094703	-0.26697997	-1.383964403	-1.468374949	1.823542202	0.683071755
-0.320811262	-0.070435964	-0.019852493	0.084421545	0.290054963	0.073785554	1.42474909	0.397759556	-1.166796158	-0.666548876	-0.253040692	-0.469251753	-1.480823376	-1.154773319	1.889735201	0.788605832
-0.671551272	-0.335941398	-0.264146231	0.194477993	0.085948069	-0.016940882	1.220728518	0.20807972	-1.492099604	-1.077451098	-0.552050644	-0.625149583	-1.422643032	-0.799754475	1.826637311	0.755774206
-0.963491925	-0.622122165	-0.578172768	0.062251157	-0.229101848	-0.252848765	0.891590112	0.017299757	-1.620731451	-1.342726932	-0.773744416	-0.681874117	-1.206830739	-0.48075144	1.610208666	0.588607987
-1.120831617	-0.862128079	-0.900700053	-0.275055564	-0.591913704	-0.561565621	0.478082463	-0.144673288	-1.4830135	-1.375290952	-0.856212092	-0.613113647	-0.861195397	-0.250155197	1.247727472	0.330786512
-1.115394435	-1.004867535	-1.166600223	-0.701682851	-0.923215281	-0.843025769	0.034479732	-0.268867738	-1.066940337	-1.152382801	-0.785874257	-0.430790726	-0.442389072	-0.121991812	0.774123599	0.048625207
-0.966696903	-1.024936393	-1.323769257	-1.066013954	-1.152675145	-1.008439866	-0.384072124	-0.359955983	-0.426311622	-0.718725969	-0.59326761	-0.176875482	-0.019138338	-0.070892484	0.246522069	-0.194251323
-0.731385238	-0.926569276	-1.346472734	-1.230241039	-1.238997096	-1.009100321	-0.734688613	-0.431004221	0.329372596	-0.17427122	-0.341689316	0.086696267	0.340392542	-0.046355457	-0.270676786	-0.357240519
-0.478159967	-0.738698426	-1.240775924	-1.122916444	-1.181867546	-0.855191207	-0.992543675	-0.490137908	1.058650036	0.357524324	-0.100564895	0.300290399	0.587247325	0.006316069	-0.716470678	-0.43361005
-0.267130452	-0.505981993	-1.041576027	-0.760729665	-1.018442198	-0.606519238	-1.152393951	-0.538690631	1.622489112	0.762122718	0.073144543	0.419402436	0.697193031	0.123147725	-1.04639785	-0.445218366
-0.131966585	-0.276302773	-0.801655162	-0.245228498	-0.809475439	-0.350253858	-1.223110734	-0.568570444	1.91790088	0.965264133	0.152187618	0.42804782	0.676198683	0.307379805	-1.237159394	-0.42871578
-0.078600253	-0.090857835	-0.577143182	0.277746765	-0.616996114	-0.163525566	-1.221954682	-0.572466701	1.903803642	0.946448974	0.137534891	0.335633187	0.551445075	0.526501307	-1.291115863	-0.415922437
-0.090036774	0.023557767	-0.412707146	0.666657169	-0.485009252	-0.087058688	-1.167771487	-0.54840344	1.609698371	0.740059565	0.053617637	0.173702999	0.365978255	0.723709518	-1.232195118	-0.421760657
-0.141798968	0.056410432	-0.33162121	0.836457694	-0.426457173	-0.108367946	-1.07873889	-0.508795145	1.126462172	0.417703263	-0.068528035	-0.019027787	0.164576621	0.837602556	-1.102411812	-0.439339264
-0.211611114	0.012942705	-0.331910704	0.780914842	-0.423999358	-0.172803377	-0.971019903	-0.475282721	0.579939489	0.066990738	-0.199593947	-0.203322814	-0.010169375	0.825406464	-0.951250979	-0.448780509
-0.288092433	-0.090120932	-0.390250754	0.572303486	-0.439826558	-0.204898966	-0.86073722	-0.474843352	0.096690421	-0.234447565	-0.321917892	-0.350838677	-0.12758529	0.679594848	-0.827653508	-0.428611501
-0.366387537	-0.227955473	-0.470407623	0.324616724	-0.43382337	-0.144339003	-0.763387521	-0.523659909	-0.229851477	-0.433640359	-0.42459459	-0.44236831	-0.166968187	0.434054571	-0.76735173	-0.370222648
-0.444013387	-0.372350087	-0.53475965	0.151747729	-0.378843343	0.032112388	-0.693333002	-0.621477416	-0.361247804	-0.51208467	-0.502389381	-0.472009195	-0.124286896	0.155216554	-0.786865157	-0.281298321
-0.510240909	-0.494037497	-0.553797024	0.120104213	-0.271563163	0.296344242	-0.659056271	-0.742897233	-0.319600276	-0.480374155	-0.545814554	-0.440327492	-0.007975919	-0.077085964	-0.876761074	-0.184420025
-0.546503924	-0.566775933	-0.512856299	0.232130531	-0.130698878	0.58390845	-0.66018188	-0.848264526	-0.173882106	-0.371995704	-0.544792284	-0.358869633	0.15449659	-0.195314604	-1.006250318	-0.103518237
-0.526857062	-0.569570291	-0.412855844	0.42588199	0.011082568	0.814266469	-0.683621726	-0.891141136	-0.014056611	-0.22821543	-0.487377789	-0.244034465	0.324644931	-0.165518427	-1.128250456	-0.054090881
-0.432106924	-0.491487762	-0.267671333	0.611043416	0.123092808	0.927039333	-0.70623141	-0.841275369	0.080563406	-0.091092476	-0.373436641	-0.123438087	0.451298133	5.07412E-05	-1.195585917	-0.032490028
-0.256744395	-0.333474598	-0.097460793	0.701531561	0.187737205	0.898501071	-0.698679868	-0.690346718	0.065916021	0.008243761	-0.21475198	-0.025897875	0.488707128	0.246599499	-1.171319391	-0.020554453
-0.021122045	-0.111385434	0.077146426	0.657696694	0.208911504	0.755299146	-0.6359432	-0.463954076	-0.053981551	0.049289911	-0.043710036	0.016452983	0.40138132	0.492144802	-1.044108618	0.007820943
0.235853855	0.147028673	0.240752479	0.491530231	0.207155584	0.554471483	-0.504135015	-0.205372267	-0.232867049	0.029155965	0.101917856	-0.013352966	0.187227982	0.654050407	-0.827592232	0.068384587
0.461165399	0.404867935	0.384445801	0.267466362	0.212218028	0.367565817	-0.308795373	0.030148753	-0.399929647	-0.043285125	0.18286456	-0.118293326	-0.125572504	0.673295513	-0.561569224	0.15924449
0.611925447	0.625626436	0.505926718	0.061898779	0.246996725	0.243204843	-0.072386208	0.205564232	-0.487434261	-0.142104354	0.184463216	-0.269972337	-0.468049309	0.534569244	-0.293568666	0.25352347
0.662957544	0.778972323	0.60571387	-0.057337985	0.320416337	0.200525924	0.168407527	0.302513362	-0.452880849	-0.235703984	0.114290985	-0.424647523	-0.758411754	0.268832497	-0.070642234	0.313302524
0.625483307	0.850389317	0.685073187	-0.072048936	0.419873197	0.213846143	0.376805398	0.340050403	-0.295062029	-0.284007648	0.016603217	-0.518669749	-0.908766489	-0.054011599	0.08346639	0.301056643
0.532680267	0.840870434	0.742573987	-0.0008882	0.520623125	0.242536265	0.522717775	0.348241768	-0.050748163	-0.25782419	-0.056799406	-0.50499161	-0.87002853	-0.34977308	0.165165421	0.204686987
0.439503837	0.769059861	0.775255475	0.094273597	0.591406978	0.237070106	0.59609054	0.372006536	0.216066176	-0.135917865	-0.047104077	-0.35075644	-0.630094191	-0.541799632	0.201106704	0.041666553
0.386373522	0.660443859	0.778678119	0.163144387	0.613592969	0.183127404	0.60247034	0.427616766	0.44037001	0.072385494	0.065866176	-0.076343777	-0.246502748	-0.587760398	0.221977002	-0.134709602
0.400863569	0.544494951	0.751527258	0.164958492	0.58234533	0.087695188	0.565919713	0.520223454	0.572973135	0.342911922	0.278550535	0.274113895	0.195635812	-0.484934814	0.264776938	-0.260904451
0.464398972	0.439860514	0.696034116	0.122712182	0.517737248	0.00482498	0.509738228	0.606715771	0.601556284	0.619180014	0.528064693	0.607446461	0.572263306	-0.275619976	0.33535025	-0.277301551
0.547225285	0.358291585	0.621649705	0.070827279	0.446155017	-0.022436898	0.458119133	0.653435927	0.544348836	0.852574421	0.752349949	0.852638423	0.801744564	-0.022740479	0.429922122	-0.165414345
0.584565839	0.29357093	0.541032702	0.094050273	0.403946958	0.061356693	0.412793859	0.597136115	0.451935192	0.98181676	0.85790478	0.92687774	0.815106557	0.198230969	0.500069705	0.054465826
0.553415994	0.241335415	0.471008563	0.210782393	0.403575487	0.236650481	0.374247888	0.445996523	0.372774344	0.998677488	0.826976479	0.840916318	0.654328304	0.339415117	0.518911903	0.307969164
0.408816009	0.183509734	0.423578238	0.473671133	0.457741168	0.500720577	0.313003149	0.1716126	0.360393313	0.880839605	0.615709681	0.581687005	0.347355222	0.365411851	0.418086855	0.514127288
